kinematics:
  shoulder:
    x: 0
    y: 0
    z: 0.16255692057381904
    roll: -0
    pitch: 0
    yaw: -1.1790764560721829e-08
  upper_arm:
    x: 0.00022245520977736313
    y: 0
    z: 0
    roll: 1.5696342649525492
    pitch: 0
    yaw: 1.9971576634920804e-06
  forearm:
    x: -0.42557126013908203
    y: 0
    z: 0
    roll: 3.1405317393645125
    pitch: 3.1398766300583207
    yaw: -3.1415925683445729
  wrist_1:
    x: -0.39269126621882772
    y: -0.00018814228362553739
    z: 0.13378622132695434
    roll: 0.0014062895097335015
    pitch: -0.0010965784837226875
    yaw: 6.6357265087329544e-06
  wrist_2:
    x: 6.2323893924723299e-05
    y: -0.099739409002229634
    z: 3.7426611689729302e-05
    roll: 1.5704210828436092
    pitch: 0
    yaw: -6.0497587693318655e-07
  wrist_3:
    x: 0.00023888707432460554
    y: 0.099808913552991652
    z: 0.00025933929526259414
    roll: 1.5733946790100746
    pitch: 3.1415926535897931
    yaw: 3.1415922424271465
  hash: calib_17371126930307405619