kinematics:
  shoulder:
    x: 0
    y: 0
    z: 0.16246323119600747
    roll: -0
    pitch: 0
    yaw: -3.0791724406342702e-08
  upper_arm:
    x: 0.00014559156132371858
    y: 0
    z: 0
    roll: 1.569829322377158
    pitch: 0
    yaw: 2.5055808417169398e-06
  forearm:
    x: -0.42538647032434052
    y: 0
    z: 0
    roll: 3.1402359514744238
    pitch: 3.1403243423520495
    yaw: -3.1415926150208748
  wrist_1:
    x: -0.39233511566149215
    y: -0.00043896775642149989
    z: 0.13339741704782432
    roll: 0.0032906647046444743
    pitch: -0.00085947594635396129
    yaw: 1.4866383613272584e-06
  wrist_2:
    x: 5.3678902621835853e-05
    y: -0.099650096799411725
    z: 0.00015618985257816461
    roll: 1.5692289452298847
    pitch: 0
    yaw: 2.1764401583815318e-06
  wrist_3:
    x: 5.7975186364203129e-05
    y: 0.099589214782695223
    z: 7.5790574757412724e-06
    roll: 1.5708724299901837
    pitch: 3.1415926535897931
    yaw: 3.1415926332128707
  hash: calib_8568741734420533976